group,function,value,throughput_num,throughput_type,sample_measured_value,unit,iteration_count
"complete_graph_djikstra_array_pq_list_graph(e_48180,v_220)",,,,,9836956.0,ns,17
"complete_graph_djikstra_array_pq_list_graph(e_48180,v_220)",,,,,19554205.0,ns,34
"complete_graph_djikstra_array_pq_list_graph(e_48180,v_220)",,,,,30058997.0,ns,51
"complete_graph_djikstra_array_pq_list_graph(e_48180,v_220)",,,,,39304996.0,ns,68
"complete_graph_djikstra_array_pq_list_graph(e_48180,v_220)",,,,,49089288.0,ns,85
"complete_graph_djikstra_array_pq_list_graph(e_48180,v_220)",,,,,58993829.0,ns,102
"complete_graph_djikstra_array_pq_list_graph(e_48180,v_220)",,,,,68865703.0,ns,119
"complete_graph_djikstra_array_pq_list_graph(e_48180,v_220)",,,,,78965205.0,ns,136
"complete_graph_djikstra_array_pq_list_graph(e_48180,v_220)",,,,,89713664.0,ns,153
"complete_graph_djikstra_array_pq_list_graph(e_48180,v_220)",,,,,99934329.0,ns,170
"complete_graph_djikstra_array_pq_list_graph(e_48180,v_220)",,,,,110435331.0,ns,187
"complete_graph_djikstra_array_pq_list_graph(e_48180,v_220)",,,,,121166246.0,ns,204
"complete_graph_djikstra_array_pq_list_graph(e_48180,v_220)",,,,,132151788.0,ns,221
"complete_graph_djikstra_array_pq_list_graph(e_48180,v_220)",,,,,143083621.0,ns,238
"complete_graph_djikstra_array_pq_list_graph(e_48180,v_220)",,,,,153230038.0,ns,255
"complete_graph_djikstra_array_pq_list_graph(e_48180,v_220)",,,,,163542705.0,ns,272
"complete_graph_djikstra_array_pq_list_graph(e_48180,v_220)",,,,,174205206.0,ns,289
"complete_graph_djikstra_array_pq_list_graph(e_48180,v_220)",,,,,184830537.0,ns,306
"complete_graph_djikstra_array_pq_list_graph(e_48180,v_220)",,,,,194809496.0,ns,323
"complete_graph_djikstra_array_pq_list_graph(e_48180,v_220)",,,,,205391289.0,ns,340
"complete_graph_djikstra_array_pq_list_graph(e_48180,v_220)",,,,,215272080.0,ns,357
"complete_graph_djikstra_array_pq_list_graph(e_48180,v_220)",,,,,226411206.0,ns,374
"complete_graph_djikstra_array_pq_list_graph(e_48180,v_220)",,,,,235847081.0,ns,391
"complete_graph_djikstra_array_pq_list_graph(e_48180,v_220)",,,,,246599496.0,ns,408
"complete_graph_djikstra_array_pq_list_graph(e_48180,v_220)",,,,,256409414.0,ns,425
"complete_graph_djikstra_array_pq_list_graph(e_48180,v_220)",,,,,267052330.0,ns,442
"complete_graph_djikstra_array_pq_list_graph(e_48180,v_220)",,,,,276921245.0,ns,459
"complete_graph_djikstra_array_pq_list_graph(e_48180,v_220)",,,,,287230746.0,ns,476
"complete_graph_djikstra_array_pq_list_graph(e_48180,v_220)",,,,,297157454.0,ns,493
"complete_graph_djikstra_array_pq_list_graph(e_48180,v_220)",,,,,306837540.0,ns,510
